2
0
9
4
861
912
1
2
0
9
1
1027
33
0
Offscreen Units
0
2
1
0
99999
2
2
0
99999
2
2
0
99999
2
0
0
99999
2
0
0
99999
2
0
0
99999
0
1
0
99999
0
1
0
99999
0
1
0
99999
0
1
0
99999
0
1
0
99999
0
1
0
99999
0
2
15
99999
2
2
120
99999
InterfaceInfoPanel
Game Time
0
0
0
0
0
0
0
0
0
0
2
0
0
0
0
0
0
2
777
5
169
20
0
InterfaceInfoPanel
Resources
0
2
2
2
2
2
2
0
2
0
0
0
0
0
0
0
0
0
0
23
413
20
0
InterfaceInfoPanel
TopRightPanel
0
0
0
0
0
0
0
0
0
0
0
2
0
2
2
2
2
0
1175
3
484
20
0
InterfaceBar
Docks A
2
0
0
0
0
0
12
0
1
0
0
0
0
0
0
0
0
0
0
0
0
0
0
0
0
0
0
0
0
0
0
0
0
0
0
0
0
0
0
0
0
0
0
0
0
0
0
0
0
0
0
0
0
0
0
0
0
0
0
0
2
0
0
0
0
0
0
0
0
0
100
0
99999
1
1
1
1
1
1
1
1
1
1
1
1
1
1
1
1
0
863
0
InterfaceBar
Docks B
0
0
0
0
0
2
0
1
0
0
0
0
0
0
0
0
0
0
0
0
0
0
0
0
0
0
0
0
0
0
0
0
0
0
0
0
0
0
0
0
0
0
0
0
0
0
0
0
0
0
0
0
0
0
0
0
0
0
0
0
0
0
0
0
0
0
0
0
0
0
100
0
99999
2
2
1
1
1
1
1
1
1
1
1
1
1
1
7
1
42
863
0
InterfaceBar
BX A
2
0
0
0
0
0
12
0
1
0
0
0
0
0
0
0
0
0
0
0
0
0
0
0
0
0
0
0
0
0
0
0
0
0
0
0
0
0
0
0
0
0
0
0
0
0
0
0
0
0
0
0
0
0
2
0
0
0
0
0
0
0
0
0
0
0
0
0
0
0
100
0
99999
1
1
1
1
1
1
1
1
1
1
1
1
1
1
1
1
0
821
0
InterfaceBar
BX B
0
0
0
0
0
2
0
1
0
0
0
0
0
0
0
0
0
0
0
0
0
0
0
0
0
0
0
0
0
0
0
0
0
0
0
0
0
0
0
0
0
0
0
0
0
0
0
0
0
0
0
0
0
0
2
0
0
0
0
0
0
0
0
0
0
0
0
0
0
0
100
0
0
1
1
1
1
1
1
1
1
1
1
1
1
1
1
7
1
42
821
0
InterfaceBar
AR A
2
0
0
0
0
0
12
0
1
0
0
0
0
0
0
0
0
0
0
0
0
0
0
0
0
0
0
0
0
0
0
0
0
0
0
0
0
0
0
0
0
0
0
0
0
0
0
0
0
0
0
0
0
0
0
2
0
0
0
0
0
0
0
0
0
0
0
0
0
0
100
0
99999
1
1
1
1
1
1
1
1
1
1
1
1
1
1
1
1
0
779
0
InterfaceBar
AR B
0
0
0
0
0
2
0
1
0
0
0
0
0
0
0
0
0
0
0
0
0
0
0
0
0
0
0
0
0
0
0
0
0
0
0
0
0
0
0
0
0
0
0
0
0
0
0
0
0
0
0
0
0
0
0
2
0
0
0
0
0
0
0
0
0
0
0
0
0
0
100
0
0
1
1
1
1
1
1
1
1
1
1
1
1
1
1
7
1
42
779
0
InterfaceBar
ST A
2
0
0
0
0
0
12
0
1
0
0
0
0
0
0
0
0
0
0
0
0
0
0
0
0
0
0
0
0
0
0
0
0
0
0
0
0
0
0
0
0
0
0
0
0
0
0
0
0
0
0
0
0
0
0
0
2
0
0
0
0
0
0
0
0
0
0
0
0
0
100
0
99999
1
1
1
1
1
1
1
1
1
1
1
1
1
1
1
1
0
737
0
InterfaceBar
ST B
0
0
0
0
0
2
0
1
0
0
0
0
0
0
0
0
0
0
0
0
0
0
0
0
0
0
0
0
0
0
0
0
0
0
0
0
0
0
0
0
0
0
0
0
0
0
0
0
0
0
0
0
0
0
0
0
2
0
0
0
0
0
0
0
0
0
0
0
0
0
100
0
0
1
1
1
1
1
1
1
1
1
1
1
1
1
1
7
1
42
737
0
InterfaceBar
SW A
2
0
0
0
0
0
12
0
1
0
0
0
0
0
0
0
0
0
0
0
0
0
0
0
0
0
0
0
0
0
0
0
0
0
0
0
0
0
0
0
0
0
0
0
0
0
0
0
0
0
0
0
0
0
0
0
0
2
0
0
0
0
0
0
0
0
0
0
0
0
100
0
99999
1
1
1
1
1
1
1
1
1
1
1
1
1
1
1
1
0
695
0
InterfaceBar
SW B
0
0
0
0
0
2
0
1
0
0
0
0
0
0
0
0
0
0
0
0
0
0
0
0
0
0
0
0
0
0
0
0
0
0
0
0
0
0
0
0
0
0
0
0
0
0
0
0
0
0
0
0
0
0
0
0
0
2
0
0
0
0
0
0
0
0
0
0
0
0
100
0
0
1
1
1
1
1
1
1
1
1
1
1
1
1
1
7
1
42
695
0
InterfaceBar
MS A
2
0
0
0
0
0
12
0
1
0
0
0
0
0
0
0
0
0
0
0
0
0
0
0
0
0
0
0
0
0
0
0
0
0
0
0
0
0
0
0
0
0
0
0
0
0
0
0
0
0
0
0
0
0
0
0
0
0
2
0
0
0
0
0
0
0
0
0
0
0
100
0
99999
1
1
1
1
1
1
1
1
1
1
1
1
1
1
1
1
0
653
0
InterfaceBar
MS B
0
0
0
0
0
2
0
1
0
0
0
0
0
0
0
0
0
0
0
0
0
0
0
0
0
0
0
0
0
0
0
0
0
0
0
0
0
0
0
0
0
0
0
0
0
0
0
0
0
0
0
0
0
0
0
0
0
0
2
0
0
0
0
0
0
0
0
0
0
0
100
0
0
1
1
1
1
1
1
1
1
1
1
1
1
1
1
7
1
42
653
0
InterfaceBar
CS A
2
0
0
0
0
0
12
0
1
0
0
0
0
0
0
0
0
0
0
0
0
0
0
0
0
0
0
0
0
0
0
0
0
0
0
0
0
0
0
0
0
0
0
0
0
0
0
0
0
0
0
0
0
0
0
0
0
0
0
2
0
0
0
0
0
0
0
0
0
0
100
0
99999
1
1
1
1
1
1
1
1
1
1
1
1
1
1
1
1
0
611
0
InterfaceBar
CS B
0
0
0
0
0
2
0
1
0
0
0
0
0
0
0
0
0
0
0
0
0
0
0
0
0
0
0
0
0
0
0
0
0
0
0
0
0
0
0
0
0
0
0
0
0
0
0
0
0
0
0
0
0
0
0
0
0
0
0
2
0
0
0
0
0
0
0
0
0
0
100
0
0
1
1
1
1
1
1
1
1
1
1
1
1
1
1
7
1
42
611
0
InterfaceBar
Constructions
0
0
0
0
0
2
0
0
0
0
0
0
0
0
0
0
0
0
0
0
0
0
0
0
0
0
0
0
0
0
0
0
0
0
0
0
0
0
0
0
0
0
0
0
0
0
0
0
0
2
0
0
0
0
0
0
0
0
0
0
0
0
0
0
2
0
0
2
0
0
100
0
99999
1
1
2
1
1
1
1
1
1
1
1
1
1
1
9
1
649
33
2
InterfaceBar
TCs
0
0
20
0
0
2
0
1
0
0
0
0
0
0
0
0
0
0
0
0
0
0
0
0
0
0
0
0
0
0
0
0
0
0
0
0
0
0
0
0
0
0
0
0
0
0
0
0
0
0
2
0
0
0
0
0
0
0
0
0
0
0
0
0
0
0
0
0
0
0
100
0
120
1
1
1
1
1
1
1
1
1
1
1
1
1
1
6
1
861
847
0
InterfaceBar
Army composition
2
0
0
0
0
0
2
0
1
0
0
2
0
0
0
0
0
0
0
0
0
0
0
0
0
0
0
0
0
0
0
0
0
0
0
0
0
0
0
0
0
0
0
0
0
0
0
0
0
0
0
0
0
0
0
0
0
0
0
0
0
0
0
0
0
0
0
0
0
0
100
0
99999
1
1
1
1
1
1
1
1
1
1
1
1
1
1
8
4
1239
912
5
InterfaceBar
Group1
2
0
0
0
0
0
1
0
5
2
0
0
0
0
0
0
0
0
0
0
0
0
0
0
0
0
0
0
0
0
0
0
0
0
0
0
0
0
0
0
0
0
0
0
0
0
0
0
0
2
0
0
0
0
0
0
0
0
0
0
0
0
0
0
0
0
0
0
0
0
100
0
99999
1
1
1
1
1
2
1
1
1
1
1
1
1
1
5
1
1710
131
2
InterfaceBar
Group 2
2
0
0
0
0
0
1
0
7
2
0
0
0
0
0
0
0
0
0
0
0
0
0
0
0
0
0
0
0
0
0
0
0
0
0
0
0
0
0
0
0
0
0
0
0
0
0
0
0
2
0
0
0
0
0
0
0
0
0
0
0
0
0
0
0
0
0
0
0
0
100
0
99999
1
1
1
1
1
1
2
1
1
1
1
1
1
1
5
1
1710
173
2
InterfaceBar
Group 3
2
0
0
0
0
0
1
0
7
2
0
0
0
0
0
0
0
0
0
0
0
0
0
0
0
0
0
0
0
0
0
0
0
0
0
0
0
0
0
0
0
0
0
0
0
0
0
0
0
2
0
0
0
0
0
0
0
0
0
0
0
0
0
0
0
0
0
0
0
0
100
0
99999
1
1
1
1
1
1
1
2
1
1
1
1
1
1
5
1
1710
215
2
InterfaceBar
Group 4
2
0
0
0
0
0
1
0
5
2
0
0
0
0
0
0
0
0
0
0
0
0
0
0
0
0
0
0
0
0
0
0
0
0
0
0
0
0
0
0
0
0
0
0
0
0
0
0
0
2
0
0
0
0
0
0
0
0
0
0
0
0
0
0
0
0
0
0
0
0
100
0
99999
1
1
1
1
1
1
1
1
2
1
1
1
1
1
5
1
1710
257
2
InterfaceInfoPanel
Vills on Resource
0
2
2
2
2
2
2
2
0
0
0
0
0
0
0
0
0
0
784
889
413
20
0
